GFS 30 h forecast valid for grid point 0.0 nm / 360 deg from 42.0,93.0:
GFS         0      22      Feb    2017
   CAPE      0    CIN      0  Helic  99999     PW      3
      1  23062  99999  42.00 -93.00  99999  99999
      2  99999  99999  99999     35  99999  99999
      3           42.0,93.0             12     kt
      9  10000    261     36   -164    310      3
      4   9750    466     23   -175    310      3
      4   9500    675     10   -186    310      3
      4   9250    889     -4   -197    311      3
      4   9000   1107    -19   -189    325      4
      4   8500   1559    -44   -198    353      7
      4   8000   2034    -66   -224    349      9
      4   7500   2535    -93   -254    334      9
      4   7000   3066   -119   -283    319      7
      4   6500   3629   -150   -308    312      6
      4   6000   4229   -188   -338    308      6
      4   5500   4872   -231   -375    302      8
      4   5000   5562   -283   -416    298      9
      4   4500   6308   -345   -443    301     11
      4   4000   7120   -410   -483    301     13
      4   3500   8013   -476   -563    294     18
      4   3000   9017   -534   -636    281     29
      4   2500  10178   -569   -683    276     41
      4   2000  11587   -573   -754    273     45
      4   1500  13415   -553   -814    270     49
      4   1000  15993   -573   -822    270     56
      4    700  18237   -588   -825    272     49
      4    500  20347   -584   -809    275     40
      4    300  23571   -568   -818    274     25
      4    200  26156   -531   -837    285     16
      4    100  30786   -366   -874     62      5
      4     70  33290   -298   -902     59     18
      4     50  35729   -210  99999     73     36
      4     30  39576   -131  99999     91     57
      4     20  42656   -151  99999     82     61
      4     10  47839   -203  99999     68     52

